11542
13735
11549
11382
11385
12703
12704
12707
12706
12708
13600
13606
13604
13609
11540
13732
13544
13546
13547
13543
11079
11368
11768
11766
11765
12526
11615
12121
14444
12123
13912
14130
11944
14134
14135
14136
12231
12233
14626
14620
14623
14681
13057
13054
14244
14243
14395
14390
14391
13948
13949
12494
12497
12498
13942
13946
13947
14404
11161
11857
13835
13836
13831
13832
13833
13838
13839
12833
12832
12837
12838
12758
13720
13722
13723
13725
11577
11575
11573
11572
11571
11374
11376
12716
12715
12719
13618
13619
13614
13612
13613
11280
11284
13531
13539
14533
13737
12006
11152
12001
11595
11590
11592
14536
11017
11012
13444
13447
13443
11622
11627
11979
11977
13191
13197
12223
12221
12228
12229
14653
14652
14096
14095
13063
13062
13061
13264
13267
13266
13263
12956
12957
12952
13271
14272
14275
14344
14343
14479
14478
14470
12798
13841
13843
13842
13849
13848
12821
11024
14507
14500
14502
14508
14360
11568
11563
11564
13992
13991
11364
13998
11360
14362
12728
12723
13663
13664
11290
11291
13523
13521
13524
13528
13529
12032
12030
11588
13298
13338
13293
12106
12100
13456
11114
13183
13188
12211
12219
14643
14641
14646
14645
14649
14080
14081
14082
14084
14085
14086
12120
14088
14089
13071
13072
13076
11964
13277
13272
11963
12921
12922
12925
12924
12929
14268
14264
14267
14261
14131
14132
11941
14468
14460
14467
14465
13852
13853
13854
13855
13858
13859
12858
12854
14517
14515
11033
11030
14511
14519
13980
13981
11354
12738
12731
12733
12736
13679
11411
11412
11793
12111
13465
12585
11642
11645
11644
11000
14421
11828
14678
14676
14675
14671
14077
14070
14072
13089
13088
13080
13083
11917
12932
12931
14219
14211
14213
14212
14215
14214
14181
14180
14454
14329
14695
14694
14697
14699
14698
12596
12597
13866
12598
12843
12840
14523
14522
11007
11341
11348
12447
12440
12441
11359
13646
13644
13642
11176
13649
13885
13884
13881
13880
13889
11352
13508
12052
12055
11355
12057
13502
13504
13505
13506
12697
12694
12693
14249
11658
11659
11651
11657
11654
12274
14668
11839
14662
14664
14068
14064
14065
14063
13097
13095
13092
13093
12301
12303
11905
13256
13250
13252
13253
12907
12906
14208
14202
14200
14201
14206
14204
14198
14192
14336
11121
14334
14446
14448
14449
14338
14339
14687
14684
14680
14566
14688
12875
12871
13870
13871
13872
13874
14539
14535
11016
14530
11330
11337
11336
11338
11169
12473
11164
13651
11485
14403
13894
13893
13890
13891
11247
12048
12681
11798
12685
12686
12689
11797
13403
13513
13512
11466
11463
11469
13221
13317
13311
13312
12318
11809
11808
14236
14058
11301
11304
12317
12313
13227
13226
14231
11190
14239
13136
13130
13133
13139
14606
14301
14305
14309
12860
12861
12864
12869
14327
14541
14540
11062
11065
13793
13792
13236
13798
11327
11328
12469
12467
12462
12463
14286
12299
11490
13036
11250
13876
13727
12078
12072
12675
12671
13412
13416
13418
11676
11677
12788
11475
11472
11473
11470
12782
12785
12787
14304
13304
13305
12090
14044
14040
14531
12323
12321
12327
12326
12325
12324
13233
11924
14223
14229
13237
13125
11810
11812
11818
13129
14311
14313
12899
12894
12891
12892
11073
14557
14554
13781
13784
13788
13789
11316
11310
12415
13759
12524
11268
12523
12529
12528
11265
11264
14549
11513
14548
11144
14425
12060
12063
12065
12066
11143
12661
14542
14544
11067
13424
11440
11446
11445
12792
12793
12790
12796
12240
12246
12247
13330
13336
12083
14030
14037
14036
14039
13795
13206
13203
11916
14147
14146
14141
14143
14142
13116
11869
11868
13118
14369
14498
14492
14490
14367
14366
14357
12888
11047
14565
14560
14568
11543
11309
11601
13938
13934
13930
13932
12409
12403
12407
13689
11277
13683
13681
13687
13684
12536
12534
13754
13753
13017
12653
12652
12650
12657
13439
11551
11694
11450
11453
13327
13322
11620
14022
14021
14026
14028
11629
13210
13211
13214
13215
11135
14453
12343
12345
12347
14159
14156
14154
14152
14153
11872
14590
13104
14484
14480
14370
14371
14376
14375
14570
11051
14574
13752
12435
12434
13928
13926
13927
13924
13925
13923
13920
13694
13697
11200
11203
11206
11208
12507
13869
12340
12648
13744
13748
11512
11421
11420
11425
11003
12302
13351
14526
14524
11736
11731
11730
14016
14014
14012
14011
12359
12356
11999
14169
14163
14161
14160
13171
11845
13175
13176
14341
14348
13005
13007
13006
13000
13106
14582
12420
12424
12426
13913
13910
13916
13915
11212
11211
11217
11214
11219
12518
12512
11479
12630
12633
12636
12638
13772
13771
13776
13774
11505
12189
12187
12184
12180
12749
11432
11433
11436
13346
13344
13349
13580
13581
13582
13583
13584
13585
13586
12290
11724
11720
11729
14009
14005
12367
12366
12360
12250
12369
12161
12163
12162
14175
14172
14178
11982
11981
11986
11984
13168
13162
13160
11855
14351
11181
11187
14358
11189
14571
13016
13015
13012
12153
11537
14599
14597
14594
14592
12989
14591
13801
11954
13905
13906
13909
14121
14443
11115
14474
11117
11225
11220
12568
12561
12622
12620
12626
12624
12628
13768
13509
13766
11530
12197
11405
11401
12759
12320
12281
13374
13371
13578
13577
11400
13573
13572
11712
11717
11715
11718
12370
12372
12373
12375
12377
12175
12170
13921
13487
14101
14100
14108
14506
13152
13396
13391
13390
13393
13398
14509
14361
11881
14618
14615
14614
14612
14290
13021
13026
14296
13028
12997
11085
13974
13976
11154
11159
13809
13804
11234
13800
13802
12578
12579
12572
12574
13576
11521
12610
13714
14363
13627
13620
11419
13629
12764
11365
13366
13568
13565
13562
13563
11705
11700
11703
12385
12380
13498
13499
14112
14113
14110
14111
14116
14119
13146
13147
13148
13385
13383
13381
13389
11040
14608
14609
14602
14603
11892
14601
14282
14283
14285
13034
13035
14288
13037
11092
12643
11098
11099
12962
13962
13963
13961
13966
13967
11519
14424
11142
14364
12810
12540
13814
13815
12548
14412
14558
11552
12602
11397
13709
11390
13703
13705
14418
14556
12778
12779
13637
13634
13632
13630
13639
13559
13551
13556
13555
11775
12399
12396
12154
13258
11959
14128
14127
14124
14123
14120
12804
13251
14383
14381
14380
14386
14384
14637
14636
14635
13048
13040
13043
13042
13047
14254
14257
14256
14253
14252
12975
12972
13951
11172
14411
14417
14416
12550
13829
13823
13821
13825