12066
11984
14159
11513
14095
13093
13089
13798
12320
14383
14376
13072
14084
14219
14156
14421
13781
13735
13838
14064
14064
12403
13795
13390
14160
14363
12704
12550
13214
14602
13203
12653
12653
12356
11530
13317
12403
13146
13146
14684
11309
14444
13619
11330
12796
11540
13800
11540
14404
13815
11172
14697
13825
12686
13714
12693
14517
13586
13465
13966
11450
12426
14064
14309
14358
13852
11135
13311
14108
13634
13252
11152
14384
11436
11337
13932
14081
13809
13250
12602
12345
13683
12375
13559
13559
13893
14623
14623
12972
14086
13630
12469
13390
14560
11986
14011
14283
12578
12154
12628
11700
14096
12441
13932
12572
12891
14506
13546
14223
12837
11135
13906
12685
14120
11490
14506
14028
12090
14484
13890
12523
12180
13175
14533
11412
12731
12407
12894
13612
14058
13694
11405
14283
14395
13934
14123
11944
13506
13071
13139
11657
11645
13619
13833
13831
14582
14698
14341
14212
13998
12536
11959
14568
12540
13839
13439
13577
13577
12723
13444
14040
12462
14058
11172
14239
11330
14492
14068
11400
13396
11154
12512
13351
14192
14412
14301
14011
12494
12197
12180
13271
12864
11360
11268
13642
14080
12643
11622
14212
13391
13133
11905
11181
14519
14163
12415
12317
11564
11519
12707
14695
12469
11397
11839
14304
13880
13393
13916
11217
14371
12596
14082
12317
14366
13823
14249
11718
12703
11445
14236
14478
11152
14375
12628
13853
12671
11040
12467
12652
14522
13371
13015
13439
12860
13559
11277
11030
14036
13028
14536
11411
12153
11337
14268
12686
11542
14329
13946
11169
11473
14028
12864
12153
13389
13250
13814
13133
13277
11601
13894
14612
11463
11564
13735
14014
13630
11033
13424
12060
13576
13843
12572
11513
13821
11376
13015
14304
13054
13562
14366
13916
14329
11736
11114
11073
12972
11169
14201
11212
12610
14327
11718
14492
11000
11265
12523
14089
11537
14662
12343
12579
11338
12153
12462
13884
14565
13748
12869
14395
14386
11892
14524
12507
14181
12810
12810
13934
11359
12832
14444
14116
14391
11512
12409
11549
14198
13874
14336
13251
13925
13057
13057
13465
13853
13866
11892
12415
12240
13551
12415
14643
13720
12838
13630
14424
11073
12693
13689
11336
14623
12869
14370
14370
12229
13513
12792
14351
12715
11073
11121
14443
13634
12274
13555
14403
13312
13885
14261
11024
14592
12197
13385
13848
12299
14282
13649
14479
11839
14453
12462
13214
12184
12864
11615
12369
14395
13071
13227
14100
11268
13271
11676
13543
13197
13176
13267
14637
13505
12250
11530
12628
12299
13853
12211
13226
14646
14219
13559
13559
12231
12498
13889
13614
11397
12719
14201
13849
13531
14058
13714
14363
13160
13841
13498
11563
13634
14283
13298
13804
11469
12957
11040
11798
13735
13258
12657
13322
14172
12719
14201
12778
13689
13168
13133
12568
12697
12858
14403
12299
14036
13752
14136
13499
11818
11818
14637
12498
14369
13129
13962
12643
14507
12424
14348
13565
13642
14523
13744
12434
11352
12324
11892
14557
13815
14282
12843
14084
14178
13439
14384
13697
14506
12891
14549
11382
11382
11382
12189
12843
12187
13651
12221
11622
13735
11642
11003
12369
13499
14231
11419
13961
13839
14614
14085
14206
13418
13148
14022
12568
11797
13168
13048
14363
11577
14070
12184
11067
13609
11304
12931
11376
12299
14338
12426
14153
13697
11573
12318
13015
11982
13498
13147
13870
12111
11219
13226
14370
14635
11592
13227
13966
14675
13926
13768
14502
14371
14112
12788
11440
11144
14152
11264
14252
11016
14080
14036
11268
14261
12579
14560
13277
12821
11568
12550
14425
12072
14609
13136
13148
13772
12907
14192
11472
13443
14124
13910
13040
14637
11385
11724
11355
14403
14338
12578
11571
11563
14646
13298
13891
14363
11775
13118
14351
13338
11284
14570
14108
14384
14211
14684
14601
11390
13197
14460
12325
11881
12653
14664
13095
13795
12375
14361
12424
12290
13800
13980
12340
11512
13894
14202
14549
11016
13559
14623
12120
12648
11062
14560
13072
12507
13893
13893
12630
12320
11642
14215
12467
11954
11881
11062
14327
11615
11024
12610
13256
13026
14697
12240
11981
14202
12536
12681
14116
11470
11164
11712
11552
12864
11512
13930
12653
13948
14384
11030
12622
12373
14095
13584
14418
14386
12602
13171
12782
12399
12375
12833
14565
13913
14267
12373
13586
13694
11405
14358
12303
13600
11521
14213
11765
14646
12785
13336
14290
13237
14364
14606
13447
14267
14602
12540
11563
11401
14028
12221
13829
14453
13870
11869
11164
11200
12360
14425
11869
11475
13578
12078
11290
14336
13627
13040
14376
14376
13948
11017
13849
13523
12396
12211
14286
14257
11568
11568
12785
12832
14364
13737
14072
13748
13006
14143
14533
13727
14211
13584
11810
14395
11301
12719
11872
13991
14643
12723
13889
12032
12032
14243
11211
14040
12792
13855
14119
11872
11905
13416
12313
12528
13916
11855
13942
14484
14699
14626
11979
12681
14288
11855
11977
13927
13925
12162
13925
12123
13160
14014
11234
13093
13035
12078
12892
12633
14637
11085
11999
13543
14643
12858
13267
11003
11098
14602
12469
14256
13072
11355
11433
11446
14637
13582
14229
12779
11881
11284
14618
14636
12861
14671
13054
11905
13910
11519
14675
13021
13578
12899
12473
11364
12528
14602
12821
14206
11420
13735
12790
12952
14556
12197
14253
12396
12377
11397
14005
13506
13629
13035
12624
14367
14160
12219
12694
14026
12733
13312
12675
13418
14252
13732
13870
14110
14637
13934
11073
13581
14201
13311
14192
13874
11730
11336
11382
14288
14680
13236
12367
14468
11959
13912
14147
12749
11073
12065
13424
11341
13203
13893
12597
12561
12952
12854
14386
14044
13634
14268
13028
13021
11676
11810
14143
11425
11359
12792
11718
14084
14558
14448
13439
14252
13891
13304
14208
12111
13529
13330
11360
13855
14305
11512
13802
11490
14681
14539
13925
12723
14156
11892
13795
11190
13981
14180
14081
12782
12246
12154
13568
14509
13727
14089
13915
12689
12161
14556
14084
11047
14089
13523
14084
11479
14172
12921
14275
12367
11453
13912
12396
14136
12424
13932
12578
11117
14084
11999
14361
14327
13709
14159
12804
11187
13036
12568
14064
11247
13221
14244
14357
14037
12731
14180
14507
13498
14343
12524
12661
12661
12274
13912
14327
11595
12324
13788
11121
14480
13842
13735
13584
11336
13727
11062
12636
12550
13614
14156
12120
13893
11440
13116
12596
12123
14515
11563
13576
12161
13048
12359
13915
13555
12356
12229
13795
13893
13913
14124
14116
11374
11374
12838
13330
11425
12462
13831
13942
13012
11766
14560
14418
13152
14339
13152
11338
13330
14058
14540
14540
13720
11433
13371
12650
12123
13689
13841
14590
12189
11568
13855
13012
12211
13804
13804
13092
11330
11073
14480
13531
14070
13744
14360
12324
14334
11309
12161
11341
12833
13562
13562
11730
11642
13097
13237
13006
14641
14608
11309
12175
11062
12219
14130
11040
13106
13312
14229
14070
11310
11310
12997
13884
14566
14339
14064
14601
11651
13910
13263
14591
11234
12030
13913
13913
13923
12006
11051
13398
13694
13881
12231
13371
11917
11354
13890
13061
13412
13203
14348
14574
11542
13709
14570
13679
13568
14244
14127
14305
11092
14375
13920
14403
12929
12211
13403
11341
11003
13578
11073
12921
13814
13147
11433
12420
11143
11024
14110
11571
13487
13398
14112
11651
14699
14072
11703
12707
14614
14160
14215
13176
14154
11382
14381
12184
13684
14101
14064
11338
14285
12055
12385
12375
12585
13928
13176
13967
13614
12792
11114
11999
12962
13606
14180
14591
11280
11595
13683
12626
13804
13226
12345
13793
12324
11003
11453
13842
13061
12548
14676
12396
14480
14147
12048
14082
11348
13859
13129
14615
13582
13582
13582
11364
12779
14341
11622
13859
11775
14339
13396
11472